# TCP Positions in Python List Format
# Copy and paste these into your code

position_001 = [96.9, -760.63, 222.8, 90.14, 0.9, -0.06]
position_002 = [39.01, -780.52, 215.05, 85.09, -30.43, 2.14]
position_003 = [48.53, -833.72, 242.71, 87.42, -27.14, 21.29]
position_004 = [67.54, -842.75, 214.51, 99.74, -8.95, -2.33]
position_005 = [145.26, -829.18, 303.08, 94.55, 2.11, 17.15]
position_006 = [182.26, -771.61, 250.16, 84.73, 28.41, -30.08]
position_007 = [197.47, -809.53, 191.17, 96.38, 47.26, 2.02]
position_008 = [277.87, -676.46, 216.2, 103.99, 43.17, 45.35]
position_009 = [119.25, -644.06, 268.56, 63.13, 7.78, 1.59]
position_010 = [-3.35, -662.29, 249.1, 69.88, -26.46, -12.58]
position_011 = [90.45, -788.98, 229.02, 87.97, -2.08, -1.03]
position_012 = [110.26, -742.58, 294.99, 90.02, 1.28, 21.39]
position_013 = [66.93, -681.01, 345.58, 95.47, -3.44, -71.86]
position_014 = [174.42, -669.41, 321.92, 61.53, -5.91, -83.11]
position_015 = [-76.18, -668.79, 311.87, 106.68, 0.34, -97.53]
position_016 = [115.97, -636.21, 410.6, 67.96, -0.5, -53.72]
position_017 = [172.57, -707.88, 303.84, 90.16, 15.99, 24.21]
position_018 = [174.8, -697.49, 352.48, 89.6, 9.08, 51.33]
position_019 = [102.67, -801.2, 221.8, 90.54, 3.32, -0.61]
position_020 = [116.7, -643.56, 343.6, 68.16, 5.24, -2.92]

# All positions as a dictionary:
positions = {
    'position_001': [96.9, -760.63, 222.8, 90.14, 0.9, -0.06],
    'position_002': [39.01, -780.52, 215.05, 85.09, -30.43, 2.14],
    'position_003': [48.53, -833.72, 242.71, 87.42, -27.14, 21.29],
    'position_004': [67.54, -842.75, 214.51, 99.74, -8.95, -2.33],
    'position_005': [145.26, -829.18, 303.08, 94.55, 2.11, 17.15],
    'position_006': [182.26, -771.61, 250.16, 84.73, 28.41, -30.08],
    'position_007': [197.47, -809.53, 191.17, 96.38, 47.26, 2.02],
    'position_008': [277.87, -676.46, 216.2, 103.99, 43.17, 45.35],
    'position_009': [119.25, -644.06, 268.56, 63.13, 7.78, 1.59],
    'position_010': [-3.35, -662.29, 249.1, 69.88, -26.46, -12.58],
    'position_011': [90.45, -788.98, 229.02, 87.97, -2.08, -1.03],
    'position_012': [110.26, -742.58, 294.99, 90.02, 1.28, 21.39],
    'position_013': [66.93, -681.01, 345.58, 95.47, -3.44, -71.86],
    'position_014': [174.42, -669.41, 321.92, 61.53, -5.91, -83.11],
    'position_015': [-76.18, -668.79, 311.87, 106.68, 0.34, -97.53],
    'position_016': [115.97, -636.21, 410.6, 67.96, -0.5, -53.72],
    'position_017': [172.57, -707.88, 303.84, 90.16, 15.99, 24.21],
    'position_018': [174.8, -697.49, 352.48, 89.6, 9.08, 51.33],
    'position_019': [102.67, -801.2, 221.8, 90.54, 3.32, -0.61],
    'position_020': [116.7, -643.56, 343.6, 68.16, 5.24, -2.92],
}